-0.038246 -0.090123 0.096133 
-0.038437 -0.094306 0.086887 
-0.036236 -0.083230 0.094937 
-0.025269 -0.084123 0.090690 
-0.032456 -0.089165 0.085335 
-0.034750 -0.095083 0.088660 
-0.038958 -0.086933 0.094100 
-0.023113 -0.095949 0.080066 
-0.034478 -0.090886 0.083321 
-0.025898 -0.092628 0.096299 
-0.030264 -0.089848 0.083465 
-0.035423 -0.079594 0.089387 
-0.025298 -0.085531 0.094383 
-0.027203 -0.080025 0.096435 
-0.032756 -0.095845 0.089287 
-0.026808 -0.089925 0.078848 
-0.024534 -0.098659 0.077088 
-0.033842 -0.085397 0.088037 
-0.036082 -0.088124 0.086973 
-0.030911 -0.082437 0.095794 
-0.024270 -0.079764 0.091152 
-0.029012 -0.081464 0.089528 
-0.035226 -0.091753 0.086117 
-0.028575 -0.099305 0.081237 
-0.023504 -0.089712 0.095857 
-0.031786 -0.096872 0.086505 
-0.031830 -0.096598 0.076913 
-0.036697 -0.094278 0.090133 
-0.041030 -0.098200 0.085819 
-0.038870 -0.085806 0.077850 
-0.040805 -0.085635 0.094143 
-0.032872 -0.089524 0.082899 
-0.042259 -0.093656 0.080934 
-0.024037 -0.083200 0.079172 
-0.029551 -0.089247 0.082471 
-0.042499 -0.080722 0.080839 
-0.041967 -0.081802 0.089107 
-0.037962 -0.093041 0.078029 
-0.033250 -0.089366 0.081632 
-0.040173 -0.093597 0.081927 
-0.042375 -0.087358 0.093966 
-0.028732 -0.084609 0.084018 
-0.035642 -0.085884 0.091553 
-0.027302 -0.097981 0.087898 
-0.033435 -0.083840 0.091871 
-0.033578 -0.098976 0.079040 
-0.041531 -0.091704 0.095989 
-0.041305 -0.086355 0.093447 
-0.040925 -0.085060 0.077207 
-0.031059 -0.092888 0.085207 
-0.037307 -0.086134 0.082778 
-0.026074 -0.081936 0.088445 
-0.025519 -0.095528 0.081059 
-0.023257 -0.097812 0.087409 
-0.032313 -0.096315 0.087744 
-0.037895 -0.093471 0.087638 
-0.037736 -0.094876 0.084413 
-0.032048 -0.081514 0.076945 
-0.027575 -0.098738 0.085712 
-0.035712 -0.088374 0.083680 
-0.032895 -0.097401 0.078698 
-0.029688 -0.082971 0.084986 
-0.023956 -0.097328 0.084522 
-0.039309 -0.090358 0.086685 
-0.028822 -0.079397 0.092576 
-0.031514 -0.093110 0.090478 
-0.033731 -0.098843 0.093684 
-0.024993 -0.096750 0.077333 
-0.034967 -0.092338 0.080592 
-0.039083 -0.093979 0.084809 
-0.029728 -0.096156 0.095705 
-0.030060 -0.081193 0.092137 
-0.036213 -0.086771 0.084781 
-0.027123 -0.080565 0.082932 
-0.022680 -0.091328 0.077865 
-0.022885 -0.080974 0.090982 
-0.040260 -0.099161 0.085569 
-0.037631 -0.087953 0.080228 
-0.042220 -0.084169 0.083757 
-0.030662 -0.096014 0.079607 
-0.040526 -0.081317 0.091447 
-0.034350 -0.085182 0.083217 
-0.025035 -0.083670 0.095057 
-0.031599 -0.088688 0.076739 
-0.035505 -0.084759 0.092966 
-0.038120 -0.094037 0.088206 
-0.033378 -0.096511 0.086356 
-0.023399 -0.094485 0.088813 
-0.040426 -0.088581 0.090822 
-0.032580 -0.083469 0.078614 
-0.025666 -0.094781 0.093774 
-0.041591 -0.091999 0.076595 
-0.029240 -0.082156 0.082239 
-0.022908 -0.087772 0.079848 
-0.037095 -0.079712 0.094853 
-0.040071 -0.097040 0.078214 
-0.029416 -0.083584 0.087540 
-0.024159 -0.087014 0.088613 
-0.030396 -0.095404 0.089029 
-0.024446 -0.090762 0.093532 
-0.038615 -0.092261 0.077492 
-0.027894 -0.088237 0.092758 
-0.035956 -0.084350 0.086163 
-0.033986 -0.098054 0.090059 
-0.039574 -0.083974 0.080460 
-0.026666 -0.082865 0.086628 
-0.029879 -0.093289 0.090626 
-0.028416 -0.091465 0.095503 
-0.026934 -0.089059 0.084216 
-0.041252 -0.086667 0.078444 
-0.023572 -0.086272 0.077592 
-0.032146 -0.085322 0.088290 
-0.027732 -0.092414 0.092294 
-0.028134 -0.091481 0.089857 
-0.026240 -0.080825 0.083082 
-0.039505 -0.088848 0.095237 
-0.033064 -0.082550 0.085858 
-0.030113 -0.095004 0.095444 
-0.023693 -0.087526 0.078349 
-0.026131 -0.088486 0.080253 
-0.024700 -0.080537 0.091615 
-0.031409 -0.098454 0.094722 
-0.031165 -0.090459 0.091761 
-0.025813 -0.090262 0.082329 
-0.041844 -0.098326 0.079534 
-0.024871 -0.081632 0.093290 
-0.034200 -0.082081 0.092067 
-0.041815 -0.091195 0.081581 
-0.027978 -0.084865 0.080722 
-0.039760 -0.097706 0.082607 
-0.039880 -0.087697 0.093055 
-0.030783 -0.095274 0.092844 
-0.037236 -0.091010 0.087072 
-0.036440 -0.082807 0.087264 
-0.034788 -0.097092 0.082057 
-0.034562 -0.094584 0.090275 
-0.035158 -0.090607 0.092386 
-0.030558 -0.093825 0.083915 
-0.039252 -0.084531 0.084261 
-0.038681 -0.079943 0.085086 
-0.040631 -0.097539 0.081776 
-0.036532 -0.095713 0.089589 
-0.027533 -0.086476 0.094408 
-0.037472 -0.092795 0.094524 
-0.028237 -0.080209 0.091232 
-0.029094 -0.080347 0.081401 
-0.026542 -0.087145 0.089788 
-0.026458 -0.082311 0.079330 
-0.036963 -0.092025 0.079316 
-0.036867 -0.087223 0.079964 
